
0.0 0.0 0.0
0.01 0.0 0.0
0.01 0.01 0.154336444544

0.01 0.0 0.0
0.02 0.0 0.0
0.02 0.01 0.00554788335072
0.01 0.01 0.154336444544
0.02 0.01 0.00554788335072
0.01 0.0 0.0

0.01 0.01 0.154336444544
0.02 0.01 0.00554788335072
0.02 0.02 0.0960974254455

0.02 0.0 0.0
0.03 0.0 0.0
0.03 0.01 -0.0340424748398
0.02 0.01 0.00554788335072
0.03 0.01 -0.0340424748398
0.02 0.0 0.0

0.02 0.01 0.00554788335072
0.03 0.01 -0.0340424748398
0.03 0.02 0.0687693231229
0.02 0.02 0.0960974254455
0.03 0.02 0.0687693231229
0.02 0.01 0.00554788335072

0.02 0.02 0.0960974254455
0.03 0.02 0.0687693231229
0.03 0.03 0.0416145035491

0.03 0.0 0.0
0.04 0.0 0.0
0.04 0.01 -0.042761107258
0.03 0.01 -0.0340424748398
0.04 0.01 -0.042761107258
0.03 0.0 0.0

0.03 0.01 -0.0340424748398
0.04 0.01 -0.042761107258
0.04 0.02 0.0534074445441
0.03 0.02 0.0687693231229
0.04 0.02 0.0534074445441
0.03 0.01 -0.0340424748398

0.03 0.02 0.0687693231229
0.04 0.02 0.0534074445441
0.04 0.03 0.0598006607151
0.03 0.03 0.0416145035491
0.04 0.03 0.0598006607151
0.03 0.02 0.0687693231229

0.03 0.03 0.0416145035491
0.04 0.03 0.0598006607151
0.04 0.04 0.0170016393377

0.04 0.0 0.0
0.05 0.0 0.0
0.05 0.01 -0.0521471066671
0.04 0.01 -0.042761107258
0.05 0.01 -0.0521471066671
0.04 0.0 0.0

0.04 0.01 -0.042761107258
0.05 0.01 -0.0521471066671
0.05 0.02 0.030465879403
0.04 0.02 0.0534074445441
0.05 0.02 0.030465879403
0.04 0.01 -0.042761107258

0.04 0.02 0.0534074445441
0.05 0.02 0.030465879403
0.05 0.03 0.0634882929496
0.04 0.03 0.0598006607151
0.05 0.03 0.0634882929496
0.04 0.02 0.0534074445441

0.04 0.03 0.0598006607151
0.05 0.03 0.0634882929496
0.05 0.04 0.0301236447428
0.04 0.04 0.0170016393377
0.05 0.04 0.0301236447428
0.04 0.03 0.0598006607151

0.04 0.04 0.0170016393377
0.05 0.04 0.0301236447428
0.05 0.05 0.00649551893945

0.05 0.0 0.0
0.06 0.0 0.0
0.06 0.01 -0.0530925796731
0.05 0.01 -0.0521471066671
0.06 0.01 -0.0530925796731
0.05 0.0 0.0

0.05 0.01 -0.0521471066671
0.06 0.01 -0.0530925796731
0.06 0.02 0.0290583649186
0.05 0.02 0.030465879403
0.06 0.02 0.0290583649186
0.05 0.01 -0.0521471066671

0.05 0.02 0.030465879403
0.06 0.02 0.0290583649186
0.06 0.03 0.0743899276036
0.05 0.03 0.0634882929496
0.06 0.03 0.0743899276036
0.05 0.02 0.030465879403

0.05 0.03 0.0634882929496
0.06 0.03 0.0743899276036
0.06 0.04 0.0450981010879
0.05 0.04 0.0301236447428
0.06 0.04 0.0450981010879
0.05 0.03 0.0634882929496

0.05 0.04 0.0301236447428
0.06 0.04 0.0450981010879
0.06 0.05 0.0137012385877
0.05 0.05 0.00649551893945
0.06 0.05 0.0137012385877
0.05 0.04 0.0301236447428

0.05 0.05 0.00649551893945
0.06 0.05 0.0137012385877
0.06 0.06 0.00247924141899

0.06 0.0 0.0
0.07 0.0 0.0
0.07 0.01 -0.057338680555
0.06 0.01 -0.0530925796731
0.07 0.01 -0.057338680555
0.06 0.0 0.0

0.06 0.01 -0.0530925796731
0.07 0.01 -0.057338680555
0.07 0.02 0.0150259095251
0.06 0.02 0.0290583649186
0.07 0.02 0.0150259095251
0.06 0.01 -0.0530925796731

0.06 0.02 0.0290583649186
0.07 0.02 0.0150259095251
0.07 0.03 0.0721639694697
0.06 0.03 0.0743899276036
0.07 0.03 0.0721639694697
0.06 0.02 0.0290583649186

0.06 0.03 0.0743899276036
0.07 0.03 0.0721639694697
0.07 0.04 0.0554173610284
0.06 0.04 0.0450981010879
0.07 0.04 0.0554173610284
0.06 0.03 0.0743899276036

0.06 0.04 0.0450981010879
0.07 0.04 0.0554173610284
0.07 0.05 0.0221072346304
0.06 0.05 0.0137012385877
0.07 0.05 0.0221072346304
0.06 0.04 0.0450981010879

0.06 0.05 0.0137012385877
0.07 0.05 0.0221072346304
0.07 0.06 0.00548812166131
0.06 0.06 0.00247924141899
0.07 0.06 0.00548812166131
0.06 0.05 0.0137012385877

0.06 0.06 0.00247924141899
0.07 0.06 0.00548812166131
0.07 0.07 0.000925362935627

0.07 0.0 0.0
0.08 0.0 0.0
0.08 0.01 -0.0570133644527
0.07 0.01 -0.057338680555
0.08 0.01 -0.0570133644527
0.07 0.0 0.0

0.07 0.01 -0.057338680555
0.08 0.01 -0.0570133644527
0.08 0.02 0.0198288833507
0.07 0.02 0.0150259095251
0.08 0.02 0.0198288833507
0.07 0.01 -0.057338680555

0.07 0.02 0.0150259095251
0.08 0.02 0.0198288833507
0.08 0.03 0.0856187832345
0.07 0.03 0.0721639694697
0.08 0.03 0.0856187832345
0.07 0.02 0.0150259095251

0.07 0.03 0.0721639694697
0.08 0.03 0.0856187832345
0.08 0.04 0.0724754254455
0.07 0.04 0.0554173610284
0.08 0.04 0.0724754254455
0.07 0.03 0.0721639694697

0.07 0.04 0.0554173610284
0.08 0.04 0.0724754254455
0.08 0.05 0.0335668396503
0.07 0.05 0.0221072346304
0.08 0.05 0.0335668396503
0.07 0.04 0.0554173610284

0.07 0.05 0.0221072346304
0.08 0.05 0.0335668396503
0.08 0.06 0.010129782134
0.07 0.06 0.00548812166131
0.08 0.06 0.010129782134
0.07 0.05 0.0221072346304

0.07 0.06 0.00548812166131
0.08 0.06 0.010129782134
0.08 0.07 0.0021705193999
0.07 0.07 0.000925362935627
0.08 0.07 0.0021705193999
0.07 0.06 0.00548812166131

0.07 0.07 0.000925362935627
0.08 0.07 0.0021705193999
0.08 0.08 0.00034615311746

0.08 0.0 0.0
0.09 0.0 0.0
0.09 0.01 -0.0595594121138
0.08 0.01 -0.0570133644527
0.09 0.01 -0.0595594121138
0.08 0.0 0.0

0.08 0.01 -0.0570133644527
0.09 0.01 -0.0595594121138
0.09 0.02 0.0105168180724
0.08 0.02 0.0198288833507
0.09 0.02 0.0105168180724
0.08 0.01 -0.0570133644527

0.08 0.02 0.0198288833507
0.09 0.02 0.0105168180724
0.09 0.03 0.0831054445441
0.08 0.03 0.0856187832345
0.09 0.03 0.0831054445441
0.08 0.02 0.0198288833507

0.08 0.03 0.0856187832345
0.09 0.03 0.0831054445441
0.09 0.04 0.0811843528847
0.08 0.04 0.0724754254455
0.09 0.04 0.0811843528847
0.08 0.03 0.0856187832345

0.08 0.04 0.0724754254455
0.09 0.04 0.0811843528847
0.09 0.05 0.0438811116803
0.08 0.05 0.0335668396503
0.09 0.05 0.0438811116803
0.08 0.04 0.0724754254455

0.08 0.05 0.0335668396503
0.09 0.05 0.0438811116803
0.09 0.06 0.0158256393377
0.08 0.06 0.010129782134
0.09 0.06 0.0158256393377
0.08 0.05 0.0335668396503

0.08 0.06 0.010129782134
0.09 0.06 0.0158256393377
0.09 0.07 0.00414946137328
0.08 0.07 0.0021705193999
0.09 0.07 0.00414946137328
0.08 0.06 0.010129782134

0.08 0.07 0.0021705193999
0.09 0.07 0.00414946137328
0.09 0.08 0.000825522688511
0.08 0.08 0.00034615311746
0.09 0.08 0.000825522688511
0.08 0.07 0.0021705193999

0.08 0.08 0.00034615311746
0.09 0.08 0.000825522688511
0.09 0.09 0.000128090093261

0.09 0.0 0.0
0.1 0.0 0.0
0.1 0.01 -0.0590850501315
0.09 0.01 -0.0595594121138
0.1 0.01 -0.0590850501315
0.09 0.0 0.0

0.09 0.01 -0.0595594121138
0.1 0.01 -0.0590850501315
0.1 0.02 0.017936027662
0.09 0.02 0.0105168180724
0.1 0.02 0.017936027662
0.09 0.01 -0.0595594121138

0.09 0.02 0.0105168180724
0.1 0.02 0.017936027662
0.1 0.03 0.099786345909
0.09 0.03 0.0831054445441
0.1 0.03 0.099786345909
0.09 0.02 0.0105168180724

0.09 0.03 0.0831054445441
0.1 0.03 0.099786345909
0.1 0.04 0.10066116809
0.09 0.04 0.0811843528847
0.1 0.04 0.10066116809
0.09 0.03 0.0831054445441

0.09 0.04 0.0811843528847
0.1 0.04 0.10066116809
0.1 0.05 0.0588015008013
0.09 0.05 0.0438811116803
0.1 0.05 0.0588015008013
0.09 0.04 0.0811843528847

0.09 0.05 0.0438811116803
0.1 0.05 0.0588015008013
0.1 0.06 0.023668002573
0.09 0.06 0.0158256393377
0.1 0.06 0.023668002573
0.09 0.05 0.0438811116803

0.09 0.06 0.0158256393377
0.1 0.06 0.023668002573
0.1 0.07 0.00711427762598
0.09 0.07 0.00414946137328
0.1 0.07 0.00711427762598
0.09 0.06 0.0158256393377

0.09 0.07 0.00414946137328
0.1 0.07 0.00711427762598
0.1 0.08 0.00166958697062
0.09 0.08 0.000825522688511
0.1 0.08 0.00166958697062
0.09 0.07 0.00414946137328

0.09 0.08 0.000825522688511
0.1 0.08 0.00166958697062
0.1 0.09 0.000313084808202
0.09 0.09 0.000128090093261
0.1 0.09 0.000313084808202
0.09 0.08 0.000825522688511

0.09 0.09 0.000128090093261
0.1 0.09 0.000313084808202
0.1 0.1 4.77276339368e-05

0.1 0.0 0.0
0.11 0.0 0.0
0.11 0.01 -0.0586811435947
0.1 0.01 -0.0590850501315
0.11 0.01 -0.0586811435947
0.1 0.0 0.0

0.1 0.01 -0.0590850501315
0.11 0.01 -0.0586811435947
0.11 0.02 0.0271999761454
0.1 0.02 0.017936027662
0.11 0.02 0.0271999761454
0.1 0.01 -0.0590850501315

0.1 0.02 0.017936027662
0.11 0.02 0.0271999761454
0.11 0.03 0.119145909714
0.1 0.03 0.099786345909
0.11 0.03 0.119145909714
0.1 0.02 0.017936027662

0.1 0.03 0.099786345909
0.11 0.03 0.119145909714
0.11 0.04 0.122796898406
0.1 0.04 0.10066116809
0.11 0.04 0.122796898406
0.1 0.03 0.099786345909

0.1 0.04 0.10066116809
0.11 0.04 0.122796898406
0.11 0.05 0.0758162856152
0.1 0.05 0.0588015008013
0.11 0.05 0.0758162856152
0.1 0.04 0.10066116809

0.1 0.05 0.0588015008013
0.11 0.05 0.0758162856152
0.11 0.06 0.0332212463077
0.1 0.06 0.023668002573
0.11 0.06 0.0332212463077
0.1 0.05 0.0588015008013

0.1 0.06 0.023668002573
0.11 0.06 0.0332212463077
0.11 0.07 0.0111424420348
0.1 0.07 0.00711427762598
0.11 0.07 0.0111424420348
0.1 0.06 0.023668002573

0.1 0.07 0.00711427762598
0.11 0.07 0.0111424420348
0.11 0.08 0.00297976342423
0.1 0.08 0.00166958697062
0.11 0.08 0.00297976342423
0.1 0.07 0.00711427762598

0.1 0.08 0.00166958697062
0.11 0.08 0.00297976342423
0.11 0.09 0.00065066282511
0.1 0.09 0.000313084808202
0.11 0.09 0.00065066282511
0.1 0.08 0.00166958697062

0.1 0.09 0.000313084808202
0.11 0.09 0.00065066282511
0.11 0.1 0.000117925847098
0.1 0.1 4.77276339368e-05
0.11 0.1 0.000117925847098
0.1 0.09 0.000313084808202

0.1 0.1 4.77276339368e-05
0.11 0.1 0.000117925847098
0.11 0.11 1.76460252191e-05

0.11 0.0 0.0
0.12 0.0 0.0
0.12 0.01 -0.0603081536552
0.11 0.01 -0.0586811435947
0.12 0.01 -0.0603081536552
0.11 0.0 0.0

0.11 0.01 -0.0586811435947
0.12 0.01 -0.0603081536552
0.12 0.02 0.0205435251602
0.11 0.02 0.0271999761454
0.12 0.02 0.0205435251602
0.11 0.01 -0.0586811435947

0.11 0.02 0.0271999761454
0.12 0.02 0.0205435251602
0.12 0.03 0.118097252797
0.11 0.03 0.119145909714
0.12 0.03 0.118097252797
0.11 0.02 0.0271999761454

0.11 0.03 0.119145909714
0.12 0.03 0.118097252797
0.12 0.04 0.131877323123
0.11 0.04 0.122796898406
0.12 0.04 0.131877323123
0.11 0.03 0.119145909714

0.11 0.04 0.122796898406
0.12 0.04 0.131877323123
0.12 0.05 0.088417276048
0.11 0.05 0.0758162856152
0.12 0.05 0.088417276048
0.11 0.04 0.122796898406

0.11 0.05 0.0758162856152
0.12 0.05 0.088417276048
0.12 0.06 0.0425215035491
0.11 0.06 0.0332212463077
0.12 0.06 0.0425215035491
0.11 0.05 0.0758162856152

0.11 0.06 0.0332212463077
0.12 0.06 0.0425215035491
0.12 0.07 0.0158737827732
0.11 0.07 0.0111424420348
0.12 0.07 0.0158737827732
0.11 0.06 0.0332212463077

0.11 0.07 0.0111424420348
0.12 0.07 0.0158737827732
0.12 0.08 0.00478342729242
0.11 0.08 0.00297976342423
0.12 0.08 0.00478342729242
0.11 0.07 0.0111424420348

0.11 0.08 0.00297976342423
0.12 0.08 0.00478342729242
0.12 0.09 0.00119307122635
0.11 0.09 0.00065066282511
0.12 0.09 0.00119307122635
0.11 0.08 0.00297976342423

0.11 0.09 0.00065066282511
0.12 0.09 0.00119307122635
0.12 0.1 0.000249596453743
0.11 0.1 0.000117925847098
0.12 0.1 0.000249596453743
0.11 0.09 0.00065066282511

0.11 0.1 0.000117925847098
0.12 0.1 0.000249596453743
0.12 0.11 4.39298433156e-05
0.11 0.11 1.76460252191e-05
0.12 0.11 4.39298433156e-05
0.11 0.1 0.000117925847098

0.11 0.11 1.76460252191e-05
0.12 0.11 4.39298433156e-05
0.12 0.12 6.5241492265e-06

0.12 0.0 0.0
0.13 0.0 0.0
0.13 0.01 -0.0599887139843
0.12 0.01 -0.0603081536552
0.13 0.01 -0.0599887139843
0.12 0.0 0.0

0.12 0.01 -0.0603081536552
0.13 0.01 -0.0599887139843
0.13 0.02 0.0317003379211
0.12 0.02 0.0205435251602
0.13 0.02 0.0317003379211
0.12 0.01 -0.0603081536552

0.12 0.02 0.0205435251602
0.13 0.02 0.0317003379211
0.13 0.03 0.140718144702
0.12 0.03 0.118097252797
0.13 0.03 0.140718144702
0.12 0.02 0.0205435251602

0.12 0.03 0.118097252797
0.13 0.03 0.140718144702
0.13 0.04 0.156845705785
0.12 0.04 0.131877323123
0.13 0.04 0.156845705785
0.12 0.03 0.118097252797

0.12 0.04 0.131877323123
0.13 0.04 0.156845705785
0.13 0.05 0.108301686787
0.12 0.05 0.088417276048
0.13 0.05 0.108301686787
0.12 0.04 0.131877323123

0.12 0.05 0.088417276048
0.13 0.05 0.108301686787
0.13 0.06 0.0548945593654
0.12 0.06 0.0425215035491
0.13 0.06 0.0548945593654
0.12 0.05 0.088417276048

0.12 0.06 0.0425215035491
0.13 0.06 0.0548945593654
0.13 0.07 0.0219877023084
0.12 0.07 0.0158737827732
0.13 0.07 0.0219877023084
0.12 0.06 0.0425215035491

0.12 0.07 0.0158737827732
0.13 0.07 0.0219877023084
0.13 0.08 0.00724404816962
0.12 0.08 0.00478342729242
0.13 0.08 0.00724404816962
0.12 0.07 0.0158737827732

0.12 0.08 0.00478342729242
0.13 0.08 0.00724404816962
0.13 0.09 0.00200621133667
0.12 0.09 0.00119307122635
0.13 0.09 0.00200621133667
0.12 0.08 0.00478342729242

0.12 0.09 0.00119307122635
0.13 0.09 0.00200621133667
0.13 0.1 0.000472216706591
0.12 0.1 0.000249596453743
0.13 0.1 0.000472216706591
0.12 0.09 0.00119307122635

0.12 0.1 0.000249596453743
0.13 0.1 0.000472216706591
0.13 0.11 9.50455938575e-05
0.12 0.11 4.39298433156e-05
0.13 0.11 9.50455938575e-05
0.12 0.1 0.000249596453743

0.12 0.11 4.39298433156e-05
0.13 0.11 9.50455938575e-05
0.13 0.12 1.63458181899e-05
0.12 0.12 6.5241492265e-06
0.13 0.12 1.63458181899e-05
0.12 0.11 4.39298433156e-05

0.12 0.12 6.5241492265e-06
0.13 0.12 1.63458181899e-05
0.13 0.13 2.41213092474e-06

0.13 0.0 0.0
0.14 0.0 0.0
0.14 0.01 -0.0596536384886
0.13 0.01 -0.0599887139843
0.14 0.01 -0.0596536384886
0.13 0.0 0.0

0.13 0.01 -0.0599887139843
0.14 0.01 -0.0596536384886
0.14 0.02 0.0448235992442
0.13 0.02 0.0317003379211
0.14 0.02 0.0448235992442
0.13 0.01 -0.0599887139843

0.13 0.02 0.0317003379211
0.14 0.02 0.0448235992442
0.14 0.03 0.166156776398
0.13 0.03 0.140718144702
0.14 0.03 0.166156776398
0.13 0.02 0.0317003379211

0.13 0.03 0.140718144702
0.14 0.03 0.166156776398
0.14 0.04 0.183984097078
0.13 0.04 0.156845705785
0.14 0.04 0.183984097078
0.13 0.03 0.140718144702

0.13 0.04 0.156845705785
0.14 0.04 0.183984097078
0.14 0.05 0.129776070544
0.13 0.05 0.108301686787
0.14 0.05 0.129776070544
0.13 0.04 0.156845705785

0.13 0.05 0.108301686787
0.14 0.05 0.129776070544
0.14 0.06 0.0685902547068
0.13 0.06 0.0548945593654
0.14 0.06 0.0685902547068
0.13 0.05 0.108301686787

0.13 0.06 0.0548945593654
0.14 0.06 0.0685902547068
0.14 0.07 0.0291364886982
0.13 0.07 0.0219877023084
0.14 0.07 0.0291364886982
0.13 0.06 0.0548945593654

0.13 0.07 0.0219877023084
0.14 0.07 0.0291364886982
0.14 0.08 0.0103493111781
0.13 0.08 0.00724404816962
0.14 0.08 0.0103493111781
0.13 0.07 0.0219877023084

0.13 0.08 0.00724404816962
0.14 0.08 0.0103493111781
0.14 0.09 0.00313325646696
0.13 0.09 0.00200621133667
0.14 0.09 0.00313325646696
0.13 0.08 0.00724404816962

0.13 0.09 0.00200621133667
0.14 0.09 0.00313325646696
0.14 0.1 0.00081623231524
0.13 0.1 0.000472216706591
0.14 0.1 0.00081623231524
0.13 0.09 0.00200621133667

0.13 0.1 0.000472216706591
0.14 0.1 0.00081623231524
0.14 0.11 0.00018417155748
0.13 0.11 9.50455938575e-05
0.14 0.11 0.00018417155748
0.13 0.1 0.000472216706591

0.13 0.11 9.50455938575e-05
0.14 0.11 0.00018417155748
0.14 0.12 3.59175072473e-05
0.13 0.12 1.63458181899e-05
0.14 0.12 3.59175072473e-05
0.13 0.11 9.50455938575e-05

0.13 0.12 1.63458181899e-05
0.14 0.12 3.59175072473e-05
0.14 0.13 6.07656232737e-06
0.13 0.13 2.41213092474e-06
0.14 0.13 6.07656232737e-06
0.13 0.12 1.63458181899e-05

0.13 0.13 2.41213092474e-06
0.14 0.13 6.07656232737e-06
0.14 0.14 8.91821354186e-07

0.14 0.0 0.0
0.15 0.0 0.0
0.15 0.01 -0.0594351273283
0.14 0.01 -0.0596536384886
0.15 0.01 -0.0594351273283
0.14 0.0 0.0

0.14 0.01 -0.0596536384886
0.15 0.01 -0.0594351273283
0.15 0.02 0.060301257277
0.14 0.02 0.0448235992442
0.15 0.02 0.060301257277
0.14 0.01 -0.0596536384886

0.14 0.02 0.0448235992442
0.15 0.02 0.060301257277
0.15 0.03 0.194860543126
0.14 0.03 0.166156776398
0.15 0.03 0.194860543126
0.14 0.02 0.0448235992442

0.14 0.03 0.166156776398
0.15 0.03 0.194860543126
0.15 0.04 0.213399177074
0.14 0.04 0.183984097078
0.15 0.04 0.213399177074
0.14 0.03 0.166156776398

0.14 0.04 0.183984097078
0.15 0.04 0.213399177074
0.15 0.05 0.15265514263
0.14 0.05 0.129776070544
0.15 0.05 0.15265514263
0.14 0.04 0.183984097078

0.14 0.05 0.129776070544
0.15 0.05 0.15265514263
0.15 0.06 0.0833711266269
0.14 0.06 0.0685902547068
0.15 0.06 0.0833711266269
0.14 0.05 0.129776070544

0.14 0.06 0.0685902547068
0.15 0.06 0.0833711266269
0.15 0.07 0.0372302852497
0.14 0.07 0.0291364886982
0.15 0.07 0.0372302852497
0.14 0.06 0.0685902547068

0.14 0.07 0.0291364886982
0.15 0.07 0.0372302852497
0.15 0.08 0.0141019558975
0.14 0.08 0.0103493111781
0.15 0.08 0.0141019558975
0.14 0.07 0.0291364886982

0.14 0.08 0.0103493111781
0.15 0.08 0.0141019558975
0.15 0.09 0.00461118983902
0.14 0.09 0.00313325646696
0.15 0.09 0.00461118983902
0.14 0.08 0.0103493111781

0.14 0.09 0.00313325646696
0.15 0.09 0.00461118983902
0.15 0.1 0.0013127698685
0.14 0.1 0.00081623231524
0.15 0.1 0.0013127698685
0.14 0.09 0.00313325646696

0.14 0.1 0.00081623231524
0.15 0.1 0.0013127698685
0.15 0.11 0.000326744076771
0.14 0.11 0.00018417155748
0.15 0.11 0.000326744076771
0.14 0.1 0.00081623231524

0.14 0.11 0.00018417155748
0.15 0.11 0.000326744076771
0.15 0.12 7.10590028484e-05
0.14 0.12 3.59175072473e-05
0.15 0.12 7.10590028484e-05
0.14 0.11 0.00018417155748

0.14 0.12 3.59175072473e-05
0.15 0.12 7.10590028484e-05
0.15 0.13 1.35336235817e-05
0.14 0.13 6.07656232737e-06
0.15 0.13 1.35336235817e-05
0.14 0.12 3.59175072473e-05

0.14 0.13 6.07656232737e-06
0.15 0.13 1.35336235817e-05
0.15 0.14 2.25731764273e-06
0.14 0.14 8.91821354186e-07
0.15 0.14 2.25731764273e-06
0.14 0.13 6.07656232737e-06

0.14 0.14 8.91821354186e-07
0.15 0.14 2.25731764273e-06
0.15 0.15 3.29727262988e-07

0.15 0.0 0.0
0.16 0.0 0.0
0.16 0.01 -0.0602933247298
0.15 0.01 -0.0594351273283
0.16 0.01 -0.0602933247298
0.15 0.0 0.0

0.15 0.01 -0.0594351273283
0.16 0.01 -0.0602933247298
0.16 0.02 0.055906892742
0.15 0.02 0.060301257277
0.16 0.02 0.055906892742
0.15 0.01 -0.0594351273283

0.15 0.02 0.060301257277
0.16 0.02 0.055906892742
0.16 0.03 0.197219594575
0.15 0.03 0.194860543126
0.16 0.03 0.197219594575
0.15 0.02 0.060301257277

0.15 0.03 0.194860543126
0.16 0.03 0.197219594575
0.16 0.04 0.224722444544
0.15 0.04 0.213399177074
0.16 0.04 0.224722444544
0.15 0.03 0.194860543126

0.15 0.04 0.213399177074
0.16 0.04 0.224722444544
0.16 0.05 0.167801389636
0.15 0.05 0.15265514263
0.16 0.05 0.167801389636
0.15 0.04 0.213399177074

0.15 0.05 0.15265514263
0.16 0.05 0.167801389636
0.16 0.06 0.0962086607151
0.15 0.06 0.0833711266269
0.16 0.06 0.0962086607151
0.15 0.05 0.15265514263

0.15 0.06 0.0833711266269
0.16 0.06 0.0962086607151
0.16 0.07 0.04546730885
0.15 0.07 0.0372302852497
0.16 0.07 0.04546730885
0.15 0.06 0.0833711266269

0.15 0.07 0.0372302852497
0.16 0.07 0.04546730885
0.16 0.08 0.0183496393377
0.15 0.08 0.0141019558975
0.16 0.08 0.0183496393377
0.15 0.07 0.0372302852497

0.15 0.08 0.0141019558975
0.16 0.08 0.0183496393377
0.16 0.09 0.00644498136364
0.15 0.09 0.00461118983902
0.16 0.09 0.00644498136364
0.15 0.08 0.0141019558975

0.15 0.09 0.00461118983902
0.16 0.09 0.00644498136364
0.16 0.1 0.00198573332853
0.15 0.1 0.0013127698685
0.16 0.1 0.00198573332853
0.15 0.09 0.00461118983902

0.15 0.1 0.0013127698685
0.16 0.1 0.00198573332853
0.16 0.11 0.000538597266194
0.15 0.11 0.000326744076771
0.16 0.11 0.000538597266194
0.15 0.1 0.0013127698685

0.15 0.11 0.000326744076771
0.16 0.11 0.000538597266194
0.16 0.12 0.000129090093261
0.15 0.12 7.10590028484e-05
0.16 0.12 0.000129090093261
0.15 0.11 0.000326744076771

0.15 0.12 7.10590028484e-05
0.16 0.12 0.000129090093261
0.16 0.13 2.72709779499e-05
0.15 0.13 1.35336235817e-05
0.16 0.13 2.72709779499e-05
0.15 0.12 7.10590028484e-05

0.15 0.13 1.35336235817e-05
0.16 0.13 2.72709779499e-05
0.16 0.14 5.08736776333e-06
0.15 0.14 2.25731764273e-06
0.16 0.14 5.08736776333e-06
0.15 0.13 1.35336235817e-05

0.15 0.14 2.25731764273e-06
0.16 0.14 5.08736776333e-06
0.16 0.15 8.38050479677e-07
0.15 0.15 3.29727262988e-07
0.16 0.15 8.38050479677e-07
0.15 0.14 2.25731764273e-06

0.15 0.15 3.29727262988e-07
0.16 0.15 8.38050479677e-07
0.16 0.16 1.21907899432e-07

0.16 0.0 0.0
0.17 0.0 0.0
0.17 0.01 -0.0568494997289
0.16 0.01 -0.0602933247298
0.17 0.01 -0.0568494997289
0.16 0.0 0.0

0.16 0.01 -0.0602933247298
0.17 0.01 -0.0568494997289
0.17 0.02 0.0751037199818
0.16 0.02 0.055906892742
0.17 0.02 0.0751037199818
0.16 0.01 -0.0602933247298

0.16 0.02 0.055906892742
0.17 0.02 0.0751037199818
0.17 0.03 0.231049363701
0.16 0.03 0.197219594575
0.17 0.03 0.231049363701
0.16 0.02 0.055906892742

0.16 0.03 0.197219594575
0.17 0.03 0.231049363701
0.17 0.04 0.257355957677
0.16 0.04 0.224722444544
0.17 0.04 0.257355957677
0.16 0.03 0.197219594575

0.16 0.04 0.224722444544
0.17 0.04 0.257355957677
0.17 0.05 0.19244913619
0.16 0.05 0.167801389636
0.17 0.05 0.19244913619
0.16 0.04 0.224722444544

0.16 0.05 0.167801389636
0.17 0.05 0.19244913619
0.17 0.06 0.112552073588
0.16 0.06 0.0962086607151
0.17 0.06 0.112552073588
0.16 0.05 0.167801389636

0.16 0.06 0.0962086607151
0.17 0.06 0.112552073588
0.17 0.07 0.0550857799129
0.16 0.07 0.04546730885
0.17 0.07 0.0550857799129
0.16 0.06 0.0962086607151

0.16 0.07 0.04546730885
0.17 0.07 0.0550857799129
0.17 0.08 0.0233347832789
0.16 0.08 0.0183496393377
0.17 0.08 0.0233347832789
0.16 0.07 0.04546730885

0.16 0.08 0.0183496393377
0.17 0.08 0.0233347832789
0.17 0.09 0.00869093901603
0.16 0.09 0.00644498136364
0.17 0.09 0.00869093901603
0.16 0.08 0.0183496393377

0.16 0.09 0.00644498136364
0.17 0.09 0.00869093901603
0.17 0.1 0.00286644131055
0.16 0.1 0.00198573332853
0.17 0.1 0.00286644131055
0.16 0.09 0.00644498136364

0.16 0.1 0.00198573332853
0.17 0.1 0.00286644131055
0.17 0.11 0.000839041868825
0.16 0.11 0.000538597266194
0.17 0.11 0.000839041868825
0.16 0.1 0.00198573332853

0.16 0.11 0.000538597266194
0.17 0.11 0.000839041868825
0.17 0.12 0.000218606927129
0.16 0.12 0.000129090093261
0.17 0.12 0.000218606927129
0.16 0.11 0.000538597266194

0.16 0.12 0.000129090093261
0.17 0.12 0.000218606927129
0.17 0.13 5.06044729055e-05
0.16 0.13 2.72709779499e-05
0.17 0.13 5.06044729055e-05
0.16 0.12 0.000129090093261

0.16 0.13 2.72709779499e-05
0.17 0.13 5.06044729055e-05
0.17 0.14 1.0420196062e-05
0.16 0.14 5.08736776333e-06
0.17 0.14 1.0420196062e-05
0.16 0.13 2.72709779499e-05

0.16 0.14 5.08736776333e-06
0.17 0.14 1.0420196062e-05
0.17 0.15 1.90864374925e-06
0.16 0.15 8.38050479677e-07
0.17 0.15 1.90864374925e-06
0.16 0.14 5.08736776333e-06

0.16 0.15 8.38050479677e-07
0.17 0.15 1.90864374925e-06
0.17 0.16 3.1098243304e-07
0.16 0.16 1.21907899432e-07
0.17 0.16 3.1098243304e-07
0.16 0.15 8.38050479677e-07

0.16 0.16 1.21907899432e-07
0.17 0.16 3.1098243304e-07
0.17 0.17 4.50722084951e-08

0.17 0.0 0.0
0.18 0.0 0.0
0.18 0.01 -0.0537777280754
0.17 0.01 -0.0568494997289
0.18 0.01 -0.0537777280754
0.17 0.0 0.0

0.17 0.01 -0.0568494997289
0.18 0.01 -0.0537777280754
0.18 0.02 0.0983536056077
0.17 0.02 0.0751037199818
0.18 0.02 0.0983536056077
0.17 0.01 -0.0568494997289

0.17 0.02 0.0751037199818
0.18 0.02 0.0983536056077
0.18 0.03 0.269287883351
0.17 0.03 0.231049363701
0.18 0.03 0.269287883351
0.17 0.02 0.0751037199818

0.17 0.03 0.231049363701
0.18 0.03 0.269287883351
0.18 0.04 0.291913522633
0.17 0.04 0.257355957677
0.18 0.04 0.291913522633
0.17 0.03 0.231049363701

0.17 0.04 0.257355957677
0.18 0.04 0.291913522633
0.18 0.05 0.217598847824
0.17 0.05 0.19244913619
0.18 0.05 0.217598847824
0.17 0.04 0.257355957677

0.17 0.05 0.19244913619
0.18 0.05 0.217598847824
0.18 0.06 0.129267425446
0.17 0.06 0.112552073588
0.18 0.06 0.129267425446
0.17 0.05 0.19244913619

0.17 0.06 0.112552073588
0.18 0.06 0.129267425446
0.18 0.07 0.0652672831514
0.17 0.07 0.0550857799129
0.18 0.07 0.0652672831514
0.17 0.06 0.112552073588

0.17 0.07 0.0550857799129
0.18 0.07 0.0652672831514
0.18 0.08 0.0288628728333
0.17 0.08 0.0233347832789
0.18 0.08 0.0288628728333
0.17 0.07 0.0550857799129

0.17 0.08 0.0233347832789
0.18 0.08 0.0288628728333
0.18 0.09 0.011332782134
0.17 0.09 0.00869093901603
0.18 0.09 0.011332782134
0.17 0.08 0.0233347832789

0.17 0.09 0.00869093901603
0.18 0.09 0.011332782134
0.18 0.1 0.003971812198
0.17 0.1 0.00286644131055
0.18 0.1 0.003971812198
0.17 0.09 0.00869093901603

0.17 0.1 0.00286644131055
0.18 0.1 0.003971812198
0.18 0.11 0.0012450107543
0.17 0.11 0.000839041868825
0.18 0.11 0.0012450107543
0.17 0.1 0.00286644131055

0.17 0.11 0.000839041868825
0.18 0.11 0.0012450107543
0.18 0.12 0.00034915311746
0.17 0.12 0.000218606927129
0.18 0.12 0.00034915311746
0.17 0.11 0.000839041868825

0.17 0.12 0.000218606927129
0.18 0.12 0.00034915311746
0.18 0.13 8.76688031303e-05
0.17 0.13 5.06044729055e-05
0.18 0.13 8.76688031303e-05
0.17 0.12 0.000218606927129

0.17 0.13 5.06044729055e-05
0.18 0.13 8.76688031303e-05
0.18 0.14 1.97088172848e-05
0.17 0.14 1.0420196062e-05
0.18 0.14 1.97088172848e-05
0.17 0.13 5.06044729055e-05

0.17 0.14 1.0420196062e-05
0.18 0.14 1.97088172848e-05
0.18 0.15 3.96700165199e-06
0.17 0.15 1.90864374925e-06
0.18 0.15 3.96700165199e-06
0.17 0.14 1.0420196062e-05

0.17 0.15 1.90864374925e-06
0.18 0.15 3.96700165199e-06
0.18 0.16 7.14908616786e-07
0.17 0.16 3.1098243304e-07
0.18 0.16 7.14908616786e-07
0.17 0.15 1.90864374925e-06

0.17 0.16 3.1098243304e-07
0.18 0.16 7.14908616786e-07
0.18 0.17 1.15351969566e-07
0.17 0.17 4.50722084951e-08
0.18 0.17 1.15351969566e-07
0.17 0.16 3.1098243304e-07

0.17 0.17 4.50722084951e-08
0.18 0.17 1.15351969566e-07
0.18 0.18 1.6664252178e-08

0.18 0.0 0.0
0.19 0.0 0.0
0.19 0.01 -0.0510208214773
0.18 0.01 -0.0537777280754
0.19 0.01 -0.0510208214773
0.18 0.0 0.0

0.18 0.01 -0.0537777280754
0.19 0.01 -0.0510208214773
0.19 0.02 0.127214981547
0.18 0.02 0.0983536056077
0.19 0.02 0.127214981547
0.18 0.01 -0.0537777280754

0.18 0.02 0.0983536056077
0.19 0.02 0.127214981547
0.19 0.03 0.312410437674
0.18 0.03 0.269287883351
0.19 0.03 0.312410437674
0.18 0.02 0.0983536056077

0.18 0.03 0.269287883351
0.19 0.03 0.312410437674
0.19 0.04 0.32795534506
0.18 0.04 0.291913522633
0.19 0.04 0.32795534506
0.18 0.03 0.269287883351

0.18 0.04 0.291913522633
0.19 0.04 0.32795534506
0.19 0.05 0.242940156326
0.18 0.05 0.217598847824
0.19 0.05 0.242940156326
0.18 0.04 0.291913522633

0.18 0.05 0.217598847824
0.19 0.05 0.242940156326
0.19 0.06 0.146143109671
0.18 0.06 0.129267425446
0.19 0.06 0.146143109671
0.18 0.05 0.217598847824

0.18 0.06 0.129267425446
0.19 0.06 0.146143109671
0.19 0.07 0.075851256482
0.18 0.07 0.0652672831514
0.19 0.07 0.075851256482
0.18 0.06 0.129267425446

0.18 0.07 0.0652672831514
0.19 0.07 0.075851256482
0.19 0.08 0.0348820014632
0.18 0.08 0.0288628728333
0.19 0.08 0.0348820014632
0.18 0.07 0.0652672831514

0.18 0.08 0.0288628728333
0.19 0.08 0.0348820014632
0.19 0.09 0.0143620759724
0.18 0.09 0.011332782134
0.19 0.09 0.0143620759724
0.18 0.08 0.0288628728333

0.18 0.09 0.011332782134
0.19 0.09 0.0143620759724
0.19 0.1 0.00531502094475
0.18 0.1 0.003971812198
0.19 0.1 0.00531502094475
0.18 0.09 0.011332782134

0.18 0.1 0.003971812198
0.19 0.1 0.00531502094475
0.19 0.11 0.00177034834377
0.18 0.11 0.0012450107543
0.19 0.11 0.00177034834377
0.18 0.1 0.003971812198

0.18 0.11 0.0012450107543
0.19 0.11 0.00177034834377
0.19 0.12 0.00053083855018
0.18 0.12 0.00034915311746
0.19 0.12 0.00053083855018
0.18 0.11 0.0012450107543

0.18 0.12 0.00034915311746
0.19 0.12 0.00053083855018
0.19 0.13 0.000143344009205
0.18 0.13 8.76688031303e-05
0.19 0.13 0.000143344009205
0.18 0.12 0.00034915311746

0.18 0.13 8.76688031303e-05
0.19 0.13 0.000143344009205
0.19 0.14 3.48586053336e-05
0.18 0.14 1.97088172848e-05
0.19 0.14 3.48586053336e-05
0.18 0.13 8.76688031303e-05

0.18 0.14 1.97088172848e-05
0.19 0.14 3.48586053336e-05
0.19 0.15 7.6340295192e-06
0.18 0.15 3.96700165199e-06
0.19 0.15 7.6340295192e-06
0.18 0.14 1.97088172848e-05

0.18 0.15 3.96700165199e-06
0.19 0.15 7.6340295192e-06
0.19 0.16 1.50560493633e-06
0.18 0.16 7.14908616786e-07
0.19 0.16 1.50560493633e-06
0.18 0.15 3.96700165199e-06

0.18 0.16 7.14908616786e-07
0.19 0.16 1.50560493633e-06
0.19 0.17 2.67412431198e-07
0.18 0.17 1.15351969566e-07
0.19 0.17 2.67412431198e-07
0.18 0.16 7.14908616786e-07

0.18 0.17 1.15351969566e-07
0.19 0.17 2.67412431198e-07
0.19 0.18 4.27725873919e-08
0.18 0.18 1.6664252178e-08
0.19 0.18 4.27725873919e-08
0.18 0.17 1.15351969566e-07

0.18 0.18 1.6664252178e-08
0.19 0.18 4.27725873919e-08
0.19 0.19 6.16116471601e-09

0.19 0.0 0.0
0.2 0.0 0.0
0.2 0.01 -0.0485327384148
0.19 0.01 -0.0510208214773
0.2 0.01 -0.0485327384148
0.19 0.0 0.0

0.19 0.01 -0.0510208214773
0.2 0.01 -0.0485327384148
0.2 0.02 0.163429893333
0.19 0.02 0.127214981547
0.2 0.02 0.163429893333
0.19 0.01 -0.0510208214773

0.19 0.02 0.127214981547
0.2 0.02 0.163429893333
0.2 0.03 0.36082343017
0.19 0.03 0.312410437674
0.2 0.03 0.36082343017
0.19 0.02 0.127214981547

0.19 0.03 0.312410437674
0.2 0.03 0.36082343017
0.2 0.04 0.365154879403
0.19 0.04 0.32795534506
0.2 0.04 0.365154879403
0.19 0.03 0.312410437674

0.19 0.04 0.32795534506
0.2 0.04 0.365154879403
0.2 0.05 0.267745059314
0.19 0.05 0.242940156326
0.2 0.05 0.267745059314
0.19 0.04 0.32795534506

0.19 0.05 0.242940156326
0.2 0.05 0.267745059314
0.2 0.06 0.16284329295
0.19 0.06 0.146143109671
0.2 0.06 0.16284329295
0.19 0.05 0.242940156326

0.19 0.06 0.146143109671
0.2 0.06 0.16284329295
0.2 0.07 0.0867171841692
0.19 0.07 0.075851256482
0.2 0.07 0.0867171841692
0.19 0.06 0.146143109671

0.19 0.07 0.075851256482
0.2 0.07 0.0867171841692
0.2 0.08 0.0413296447428
0.19 0.08 0.0348820014632
0.2 0.08 0.0413296447428
0.19 0.07 0.075851256482

0.19 0.08 0.0348820014632
0.2 0.08 0.0413296447428
0.2 0.09 0.0177677740916
0.19 0.09 0.0143620759724
0.2 0.09 0.0177677740916
0.19 0.08 0.0348820014632

0.19 0.09 0.0143620759724
0.2 0.09 0.0177677740916
0.2 0.1 0.00690751893945
0.19 0.1 0.00531502094475
0.2 0.1 0.00690751893945
0.19 0.09 0.0143620759724

0.19 0.1 0.00531502094475
0.2 0.1 0.00690751893945
0.2 0.11 0.00243027708836
0.19 0.11 0.00177034834377
0.2 0.11 0.00243027708836
0.19 0.1 0.00531502094475

0.19 0.11 0.00177034834377
0.2 0.11 0.00243027708836
0.2 0.12 0.000773952543161
0.19 0.12 0.00053083855018
0.2 0.12 0.000773952543161
0.19 0.11 0.00177034834377

0.19 0.12 0.00053083855018
0.2 0.12 0.000773952543161
0.2 0.13 0.000223131338052
0.19 0.13 0.000143344009205
0.2 0.13 0.000223131338052
0.19 0.12 0.00053083855018

0.19 0.13 0.000143344009205
0.2 0.13 0.000223131338052
0.2 0.14 5.82363982048e-05
0.19 0.14 3.48586053336e-05
0.2 0.14 5.82363982048e-05
0.19 0.13 0.000143344009205

0.19 0.14 3.48586053336e-05
0.2 0.14 5.82363982048e-05
0.2 0.15 1.37599274225e-05
0.19 0.15 7.6340295192e-06
0.2 0.15 1.37599274225e-05
0.19 0.14 3.48586053336e-05

0.19 0.15 7.6340295192e-06
0.2 0.15 1.37599274225e-05
0.2 0.16 2.94323865376e-06
0.19 0.16 1.50560493633e-06
0.2 0.16 2.94323865376e-06
0.19 0.15 7.6340295192e-06

0.19 0.16 1.50560493633e-06
0.2 0.16 2.94323865376e-06
0.2 0.17 5.69931305527e-07
0.19 0.17 2.67412431198e-07
0.2 0.17 5.69931305527e-07
0.19 0.16 1.50560493633e-06

0.19 0.17 2.67412431198e-07
0.2 0.17 5.69931305527e-07
0.2 0.18 9.99096059759e-08
0.19 0.18 4.27725873919e-08
0.2 0.18 9.99096059759e-08
0.19 0.17 2.67412431198e-07

0.19 0.18 4.27725873919e-08
0.2 0.18 9.99096059759e-08
0.2 0.19 1.58554903862e-08
0.19 0.19 6.16116471601e-09
0.2 0.19 1.58554903862e-08
0.19 0.18 4.27725873919e-08

0.19 0.19 6.16116471601e-09
0.2 0.19 1.58554903862e-08
0.2 0.2 2.27792704121e-09

0.2 0.0 0.0
0.21 0.0 0.0
0.21 0.01 -0.0462759950533
0.2 0.01 -0.0485327384148
0.21 0.01 -0.0462759950533
0.2 0.0 0.0

0.2 0.01 -0.0485327384148
0.21 0.01 -0.0462759950533
0.21 0.02 0.209724017782
0.2 0.02 0.163429893333
0.21 0.02 0.209724017782
0.2 0.01 -0.0485327384148

0.2 0.02 0.163429893333
0.21 0.02 0.209724017782
0.21 0.03 0.414706495088
0.2 0.03 0.36082343017
0.21 0.03 0.414706495088
0.2 0.02 0.163429893333

0.2 0.03 0.36082343017
0.21 0.03 0.414706495088
0.21 0.04 0.402236069118
0.2 0.04 0.365154879403
0.21 0.04 0.402236069118
0.2 0.03 0.36082343017

0.2 0.04 0.365154879403
0.21 0.04 0.402236069118
0.21 0.05 0.291641807588
0.2 0.05 0.267745059314
0.21 0.05 0.291641807588
0.2 0.04 0.365154879403

0.2 0.05 0.267745059314
0.21 0.05 0.291641807588
0.21 0.06 0.179153595116
0.2 0.06 0.16284329295
0.21 0.06 0.179153595116
0.2 0.05 0.267745059314

0.2 0.06 0.16284329295
0.21 0.06 0.179153595116
0.21 0.07 0.0977439327103
0.2 0.07 0.0867171841692
0.21 0.07 0.0977439327103
0.2 0.06 0.16284329295

0.2 0.07 0.0867171841692
0.21 0.07 0.0977439327103
0.21 0.08 0.0481537377329
0.2 0.08 0.0413296447428
0.21 0.08 0.0481537377329
0.2 0.07 0.0867171841692

0.2 0.08 0.0413296447428
0.21 0.08 0.0481537377329
0.21 0.09 0.0215347084451
0.2 0.09 0.0177677740916
0.21 0.09 0.0215347084451
0.2 0.08 0.0413296447428

0.2 0.09 0.0177677740916
0.21 0.09 0.0215347084451
0.21 0.1 0.00875430708832
0.2 0.1 0.00690751893945
0.21 0.1 0.00875430708832
0.2 0.09 0.0177677740916

0.2 0.1 0.00690751893945
0.21 0.1 0.00875430708832
0.21 0.11 0.00323704229473
0.2 0.11 0.00243027708836
0.21 0.11 0.00323704229473
0.2 0.1 0.00690751893945

0.2 0.11 0.00243027708836
0.21 0.11 0.00323704229473
0.21 0.12 0.00108860617141
0.2 0.12 0.000773952543161
0.21 0.12 0.00108860617141
0.2 0.11 0.00243027708836

0.2 0.12 0.000773952543161
0.21 0.12 0.00108860617141
0.21 0.13 0.000332995709523
0.2 0.13 0.000223131338052
0.21 0.13 0.000332995709523
0.2 0.12 0.000773952543161

0.2 0.13 0.000223131338052
0.21 0.13 0.000332995709523
0.21 0.14 9.26513840685e-05
0.2 0.14 5.82363982048e-05
0.21 0.14 9.26513840685e-05
0.2 0.13 0.000223131338052

0.2 0.14 5.82363982048e-05
0.21 0.14 9.26513840685e-05
0.21 0.15 2.34482595436e-05
0.2 0.15 1.37599274225e-05
0.21 0.15 2.34482595436e-05
0.2 0.14 5.82363982048e-05

0.2 0.15 1.37599274225e-05
0.21 0.15 2.34482595436e-05
0.21 0.16 5.397774551e-06
0.2 0.16 2.94323865376e-06
0.21 0.16 5.397774551e-06
0.2 0.15 1.37599274225e-05

0.2 0.16 2.94323865376e-06
0.21 0.16 5.397774551e-06
0.21 0.17 1.13022340856e-06
0.2 0.17 5.69931305527e-07
0.21 0.17 1.13022340856e-06
0.2 0.16 2.94323865376e-06

0.2 0.17 5.69931305527e-07
0.21 0.17 1.13022340856e-06
0.21 0.18 2.15257990704e-07
0.2 0.18 9.99096059759e-08
0.21 0.18 2.15257990704e-07
0.2 0.17 5.69931305527e-07

0.2 0.18 9.99096059759e-08
0.21 0.18 2.15257990704e-07
0.21 0.19 3.72906277165e-08
0.2 0.19 1.58554903862e-08
0.21 0.19 3.72906277165e-08
0.2 0.18 9.99096059759e-08

0.2 0.19 1.58554903862e-08
0.21 0.19 3.72906277165e-08
0.21 0.2 5.87605068809e-09
0.2 0.2 2.27792704121e-09
0.21 0.2 5.87605068809e-09
0.2 0.19 1.58554903862e-08

0.2 0.2 2.27792704121e-09
0.21 0.2 5.87605068809e-09
0.21 0.21 8.42203032095e-10

0.21 0.0 0.0
0.22 0.0 0.0
0.22 0.01 -0.0442197656337
0.21 0.01 -0.0462759950533
0.22 0.01 -0.0442197656337
0.21 0.0 0.0

0.21 0.01 -0.0462759950533
0.22 0.01 -0.0442197656337
0.22 0.02 0.329567219904
0.21 0.02 0.209724017782
0.22 0.02 0.329567219904
0.21 0.01 -0.0462759950533

0.21 0.02 0.209724017782
0.22 0.02 0.329567219904
0.22 0.03 0.515474934435
0.21 0.03 0.414706495088
0.22 0.03 0.515474934435
0.21 0.02 0.209724017782

0.21 0.03 0.414706495088
0.22 0.03 0.515474934435
0.22 0.04 0.453277462056
0.21 0.04 0.402236069118
0.22 0.04 0.453277462056
0.21 0.03 0.414706495088

0.21 0.04 0.402236069118
0.22 0.04 0.453277462056
0.22 0.05 0.317644081543
0.21 0.05 0.291641807588
0.22 0.05 0.317644081543
0.21 0.04 0.402236069118

0.21 0.05 0.291641807588
0.22 0.05 0.317644081543
0.22 0.06 0.195595133763
0.21 0.06 0.179153595116
0.22 0.06 0.195595133763
0.21 0.05 0.291641807588

0.21 0.06 0.179153595116
0.22 0.06 0.195595133763
0.22 0.07 0.108950546614
0.21 0.07 0.0977439327103
0.22 0.07 0.108950546614
0.21 0.06 0.179153595116

0.21 0.07 0.0977439327103
0.22 0.07 0.108950546614
0.22 0.08 0.0553161667288
0.21 0.08 0.0481537377329
0.22 0.08 0.0553161667288
0.21 0.07 0.0977439327103

0.21 0.08 0.0481537377329
0.22 0.08 0.0553161667288
0.22 0.09 0.0256439376117
0.21 0.09 0.0215347084451
0.22 0.09 0.0256439376117
0.21 0.08 0.0481537377329

0.21 0.09 0.0215347084451
0.22 0.09 0.0256439376117
0.22 0.1 0.0108593667909
0.21 0.1 0.00875430708832
0.22 0.1 0.0108593667909
0.21 0.09 0.0215347084451

0.21 0.1 0.00875430708832
0.22 0.1 0.0108593667909
0.22 0.11 0.00420071722674
0.21 0.11 0.00323704229473
0.22 0.11 0.00420071722674
0.21 0.1 0.00875430708832

0.21 0.11 0.00323704229473
0.22 0.11 0.00420071722674
0.22 0.12 0.00148442576355
0.21 0.12 0.00108860617141
0.22 0.12 0.00148442576355
0.21 0.11 0.00323704229473

0.21 0.12 0.00108860617141
0.22 0.12 0.00148442576355
0.22 0.13 0.000479192055052
0.21 0.13 0.000332995709523
0.22 0.13 0.000479192055052
0.21 0.12 0.00108860617141

0.21 0.13 0.000332995709523
0.22 0.13 0.000479192055052
0.22 0.14 0.00014131127813
0.21 0.14 9.26513840685e-05
0.22 0.14 0.00014131127813
0.21 0.13 0.000332995709523

0.21 0.14 9.26513840685e-05
0.22 0.14 0.00014131127813
0.22 0.15 3.80680060954e-05
0.21 0.15 2.34482595436e-05
0.22 0.15 3.80680060954e-05
0.21 0.14 9.26513840685e-05

0.21 0.15 2.34482595436e-05
0.22 0.15 3.80680060954e-05
0.22 0.16 9.36827273912e-06
0.21 0.16 5.397774551e-06
0.22 0.16 9.36827273912e-06
0.21 0.15 2.34482595436e-05

0.21 0.16 5.397774551e-06
0.22 0.16 9.36827273912e-06
0.22 0.17 2.10608071625e-06
0.21 0.17 1.13022340856e-06
0.22 0.17 2.10608071625e-06
0.21 0.16 5.397774551e-06

0.21 0.17 1.13022340856e-06
0.22 0.17 2.10608071625e-06
0.22 0.18 4.32520391531e-07
0.21 0.18 2.15257990704e-07
0.22 0.18 4.32520391531e-07
0.21 0.17 1.13022340856e-06

0.21 0.18 2.15257990704e-07
0.22 0.18 4.32520391531e-07
0.22 0.19 8.11435965796e-08
0.21 0.19 3.72906277165e-08
0.22 0.19 8.11435965796e-08
0.21 0.18 2.15257990704e-07

0.21 0.19 3.72906277165e-08
0.22 0.19 8.11435965796e-08
0.22 0.2 1.39065054139e-08
0.21 0.2 5.87605068809e-09
0.22 0.2 1.39065054139e-08
0.21 0.19 3.72906277165e-08

0.21 0.2 5.87605068809e-09
0.22 0.2 1.39065054139e-08
0.22 0.21 2.17719764131e-09
0.21 0.21 8.42203032095e-10
0.22 0.21 2.17719764131e-09
0.21 0.2 5.87605068809e-09

0.21 0.21 8.42203032095e-10
0.22 0.21 2.17719764131e-09
0.22 0.22 3.11382206031e-10

0.22 0.0 0.0
0.23 0.0 0.0
0.23 0.01 -0.0423384672693
0.22 0.01 -0.0442197656337
0.23 0.01 -0.0423384672693
0.22 0.0 0.0

0.22 0.01 -0.0442197656337
0.23 0.01 -0.0423384672693
0.23 0.02 0.421356044439
0.22 0.02 0.329567219904
0.23 0.02 0.421356044439
0.22 0.01 -0.0442197656337

0.22 0.02 0.329567219904
0.23 0.02 0.421356044439
0.23 0.03 0.575727577347
0.22 0.03 0.515474934435
0.23 0.03 0.575727577347
0.22 0.02 0.329567219904

0.22 0.03 0.515474934435
0.23 0.03 0.575727577347
0.23 0.04 0.482976870647
0.22 0.04 0.453277462056
0.23 0.04 0.482976870647
0.22 0.03 0.515474934435

0.22 0.04 0.453277462056
0.23 0.04 0.482976870647
0.23 0.05 0.336716142845
0.22 0.05 0.317644081543
0.23 0.05 0.336716142845
0.22 0.04 0.453277462056

0.22 0.05 0.317644081543
0.23 0.05 0.336716142845
0.23 0.06 0.210422967897
0.22 0.06 0.195595133763
0.23 0.06 0.210422967897
0.22 0.05 0.317644081543

0.22 0.06 0.195595133763
0.23 0.06 0.210422967897
0.23 0.07 0.12003172518
0.22 0.07 0.108950546614
0.23 0.07 0.12003172518
0.22 0.06 0.195595133763

0.22 0.07 0.108950546614
0.23 0.07 0.12003172518
0.23 0.08 0.0627417911192
0.22 0.08 0.0553161667288
0.23 0.08 0.0627417911192
0.22 0.07 0.108950546614

0.22 0.08 0.0553161667288
0.23 0.08 0.0627417911192
0.23 0.09 0.0300729123363
0.22 0.09 0.0256439376117
0.23 0.09 0.0300729123363
0.22 0.08 0.0553161667288

0.22 0.09 0.0256439376117
0.23 0.09 0.0300729123363
0.23 0.1 0.0132191736177
0.22 0.1 0.0108593667909
0.23 0.1 0.0132191736177
0.22 0.09 0.0256439376117

0.22 0.1 0.0108593667909
0.23 0.1 0.0132191736177
0.23 0.11 0.00532914099802
0.22 0.11 0.00420071722674
0.23 0.11 0.00532914099802
0.22 0.1 0.0108593667909

0.22 0.11 0.00420071722674
0.23 0.11 0.00532914099802
0.23 0.12 0.00197030836625
0.22 0.12 0.00148442576355
0.23 0.12 0.00197030836625
0.22 0.11 0.00420071722674

0.22 0.12 0.00148442576355
0.23 0.12 0.00197030836625
0.23 0.13 0.000668090471967
0.22 0.13 0.000479192055052
0.23 0.13 0.000668090471967
0.22 0.12 0.00148442576355

0.22 0.13 0.000479192055052
0.23 0.13 0.000668090471967
0.23 0.14 0.00020775928444
0.22 0.14 0.00014131127813
0.23 0.14 0.00020775928444
0.22 0.13 0.000479192055052

0.22 0.14 0.00014131127813
0.23 0.14 0.00020775928444
0.23 0.15 5.92529107737e-05
0.22 0.15 3.80680060954e-05
0.23 0.15 5.92529107737e-05
0.22 0.14 0.00014131127813

0.22 0.15 3.80680060954e-05
0.23 0.15 5.92529107737e-05
0.23 0.16 1.54982629402e-05
0.22 0.16 9.36827273912e-06
0.23 0.16 1.54982629402e-05
0.22 0.15 3.80680060954e-05

0.22 0.16 9.36827273912e-06
0.23 0.16 1.54982629402e-05
0.23 0.17 3.71775225679e-06
0.22 0.17 2.10608071625e-06
0.23 0.17 3.71775225679e-06
0.22 0.16 9.36827273912e-06

0.22 0.17 2.10608071625e-06
0.23 0.17 3.71775225679e-06
0.23 0.18 8.1790328639e-07
0.22 0.18 4.32520391531e-07
0.23 0.18 8.1790328639e-07
0.22 0.17 2.10608071625e-06

0.22 0.18 4.32520391531e-07
0.23 0.18 8.1790328639e-07
0.23 0.19 1.6502416602e-07
0.22 0.19 8.11435965796e-08
0.23 0.19 1.6502416602e-07
0.22 0.18 4.32520391531e-07

0.22 0.19 8.11435965796e-08
0.23 0.19 1.6502416602e-07
0.23 0.2 3.05363571333e-08
0.22 0.2 1.39065054139e-08
0.23 0.2 3.05363571333e-08
0.22 0.19 8.11435965796e-08

0.22 0.2 1.39065054139e-08
0.23 0.2 3.05363571333e-08
0.23 0.21 5.18216207759e-09
0.22 0.21 2.17719764131e-09
0.23 0.21 5.18216207759e-09
0.22 0.2 1.39065054139e-08

0.22 0.21 2.17719764131e-09
0.23 0.21 5.18216207759e-09
0.23 0.22 8.06545446586e-10
0.22 0.22 3.11382206031e-10
0.23 0.22 8.06545446586e-10
0.22 0.21 2.17719764131e-09

0.22 0.22 3.11382206031e-10
0.23 0.22 8.06545446586e-10
0.23 0.23 1.15125301784e-10

0.23 0.0 0.0
0.24 0.0 0.0
0.24 0.01 0.0436663090632
0.23 0.01 -0.0423384672693
0.24 0.01 0.0436663090632
0.23 0.0 0.0

0.23 0.01 -0.0423384672693
0.24 0.01 0.0436663090632
0.24 0.02 0.621337420327
0.23 0.02 0.421356044439
0.24 0.02 0.621337420327
0.23 0.01 -0.0423384672693

0.23 0.02 0.421356044439
0.24 0.02 0.621337420327
0.24 0.03 0.65626515507
0.23 0.03 0.575727577347
0.24 0.03 0.65626515507
0.23 0.02 0.421356044439

0.23 0.03 0.575727577347
0.24 0.03 0.65626515507
0.24 0.04 0.511741364919
0.23 0.04 0.482976870647
0.24 0.04 0.511741364919
0.23 0.03 0.575727577347

0.23 0.04 0.482976870647
0.24 0.04 0.511741364919
0.24 0.05 0.354421720006
0.23 0.05 0.336716142845
0.24 0.05 0.354421720006
0.23 0.04 0.482976870647

0.23 0.05 0.336716142845
0.24 0.05 0.354421720006
0.24 0.06 0.224788927604
0.23 0.06 0.210422967897
0.24 0.06 0.224788927604
0.23 0.05 0.336716142845

0.23 0.06 0.210422967897
0.24 0.06 0.224788927604
0.24 0.07 0.13114312977
0.23 0.07 0.12003172518
0.24 0.07 0.13114312977
0.23 0.06 0.210422967897

0.23 0.07 0.12003172518
0.24 0.07 0.13114312977
0.24 0.08 0.0704161010879
0.23 0.08 0.0627417911192
0.24 0.08 0.0704161010879
0.23 0.07 0.12003172518

0.23 0.08 0.0627417911192
0.24 0.08 0.0704161010879
0.24 0.09 0.0348004486515
0.23 0.09 0.0300729123363
0.24 0.09 0.0348004486515
0.23 0.08 0.0627417911192

0.23 0.09 0.0300729123363
0.24 0.09 0.0348004486515
0.24 0.1 0.0158302385877
0.23 0.1 0.0132191736177
0.24 0.1 0.0158302385877
0.23 0.09 0.0300729123363

0.23 0.1 0.0132191736177
0.24 0.1 0.0158302385877
0.24 0.11 0.00662795921197
0.23 0.11 0.00532914099802
0.24 0.11 0.00662795921197
0.23 0.1 0.0132191736177

0.23 0.11 0.00532914099802
0.24 0.11 0.00662795921197
0.24 0.12 0.00255424141899
0.23 0.12 0.00197030836625
0.24 0.12 0.00255424141899
0.23 0.11 0.00532914099802

0.23 0.12 0.00197030836625
0.24 0.12 0.00255424141899
0.24 0.13 0.000906011704316
0.23 0.13 0.000668090471967
0.24 0.13 0.000906011704316
0.23 0.12 0.00197030836625

0.23 0.13 0.000668090471967
0.24 0.13 0.000906011704316
0.24 0.14 0.00029579812888
0.23 0.14 0.00020775928444
0.24 0.14 0.00029579812888
0.23 0.13 0.000668090471967

0.23 0.14 0.00020775928444
0.24 0.14 0.00029579812888
0.24 0.15 8.88887473452e-05
0.23 0.15 5.92529107737e-05
0.24 0.15 8.88887473452e-05
0.23 0.14 0.00020775928444

0.23 0.15 5.92529107737e-05
0.24 0.15 8.88887473452e-05
0.24 0.16 2.45860012142e-05
0.23 0.16 1.54982629402e-05
0.24 0.16 2.45860012142e-05
0.23 0.15 5.92529107737e-05

0.23 0.16 1.54982629402e-05
0.24 0.16 2.45860012142e-05
0.24 0.17 6.25919901864e-06
0.23 0.17 3.71775225679e-06
0.24 0.17 6.25919901864e-06
0.23 0.16 1.54982629402e-05

0.23 0.17 3.71775225679e-06
0.24 0.17 6.25919901864e-06
0.24 0.18 1.46669351528e-06
0.23 0.18 8.1790328639e-07
0.24 0.18 1.46669351528e-06
0.23 0.17 3.71775225679e-06

0.23 0.18 8.1790328639e-07
0.24 0.18 1.46669351528e-06
0.24 0.19 3.16336811017e-07
0.23 0.19 1.6502416602e-07
0.24 0.19 3.16336811017e-07
0.23 0.18 8.1790328639e-07

0.23 0.19 1.6502416602e-07
0.24 0.19 3.16336811017e-07
0.24 0.2 6.27985826287e-08
0.23 0.2 3.05363571333e-08
0.24 0.2 6.27985826287e-08
0.23 0.19 1.6502416602e-07

0.23 0.2 3.05363571333e-08
0.24 0.2 6.27985826287e-08
0.24 0.21 1.14746566846e-08
0.23 0.21 5.18216207759e-09
0.24 0.21 1.14746566846e-08
0.23 0.2 3.05363571333e-08

0.23 0.21 5.18216207759e-09
0.24 0.21 1.14746566846e-08
0.24 0.22 1.92983113373e-09
0.23 0.22 8.06545446586e-10
0.24 0.22 1.92983113373e-09
0.23 0.21 5.18216207759e-09

0.23 0.22 8.06545446586e-10
0.24 0.22 1.92983113373e-09
0.24 0.23 2.98736759499e-10
0.23 0.23 1.15125301784e-10
0.24 0.23 2.98736759499e-10
0.23 0.22 8.06545446586e-10

0.23 0.23 1.15125301784e-10
0.24 0.23 2.98736759499e-10
0.24 0.24 4.25645231296e-11

0.24 0.0 0.0
0.25 0.0 0.0
0.25 0.01 0.895312616257
0.24 0.01 0.0436663090632
0.25 0.01 0.895312616257
0.24 0.0 0.0

0.24 0.01 0.0436663090632
0.25 0.01 0.895312616257
0.25 0.02 0.850551776756
0.24 0.02 0.621337420327
0.25 0.02 0.850551776756
0.24 0.01 0.0436663090632

0.24 0.02 0.621337420327
0.25 0.02 0.850551776756
0.25 0.03 0.698857274372
0.24 0.03 0.65626515507
0.25 0.03 0.698857274372
0.24 0.02 0.621337420327

0.24 0.03 0.65626515507
0.25 0.03 0.698857274372
0.25 0.04 0.528980462419
0.24 0.04 0.511741364919
0.25 0.04 0.528980462419
0.24 0.03 0.65626515507

0.24 0.04 0.511741364919
0.25 0.04 0.528980462419
0.25 0.05 0.369723444544
0.24 0.05 0.354421720006
0.25 0.05 0.369723444544
0.24 0.04 0.511741364919

0.24 0.05 0.354421720006
0.25 0.05 0.369723444544
0.25 0.06 0.238639794478
0.24 0.06 0.224788927604
0.25 0.06 0.238639794478
0.24 0.05 0.354421720006

0.24 0.06 0.224788927604
0.25 0.06 0.238639794478
0.25 0.07 0.142245619617
0.24 0.07 0.13114312977
0.25 0.07 0.142245619617
0.24 0.06 0.224788927604

0.24 0.07 0.13114312977
0.25 0.07 0.142245619617
0.25 0.08 0.078300601032
0.24 0.08 0.0704161010879
0.25 0.08 0.078300601032
0.24 0.07 0.13114312977

0.24 0.08 0.0704161010879
0.25 0.08 0.078300601032
0.25 0.09 0.0398035171497
0.24 0.09 0.0348004486515
0.25 0.09 0.0398035171497
0.24 0.08 0.0704161010879

0.24 0.09 0.0348004486515
0.25 0.09 0.0398035171497
0.25 0.1 0.0186856393377
0.24 0.1 0.0158302385877
0.25 0.1 0.0186856393377
0.24 0.09 0.0348004486515

0.24 0.1 0.0158302385877
0.25 0.1 0.0186856393377
0.25 0.11 0.00810073889386
0.24 0.11 0.00662795921197
0.25 0.11 0.00810073889386
0.24 0.1 0.0158302385877

0.24 0.11 0.00662795921197
0.25 0.11 0.00810073889386
0.25 0.12 0.00324318307789
0.24 0.12 0.00255424141899
0.25 0.12 0.00324318307789
0.24 0.11 0.00662795921197

0.24 0.12 0.00255424141899
0.25 0.12 0.00324318307789
0.25 0.13 0.00119908081884
0.24 0.13 0.000906011704316
0.25 0.13 0.00119908081884
0.24 0.12 0.00255424141899

0.24 0.13 0.000906011704316
0.25 0.13 0.00119908081884
0.25 0.14 0.000409407322077
0.24 0.14 0.00029579812888
0.25 0.14 0.000409407322077
0.24 0.13 0.000906011704316

0.24 0.14 0.00029579812888
0.25 0.14 0.000409407322077
0.25 0.15 0.000129090093261
0.24 0.15 8.88887473452e-05
0.25 0.15 0.000129090093261
0.24 0.14 0.00029579812888

0.24 0.15 8.88887473452e-05
0.25 0.15 0.000129090093261
0.25 0.16 3.75889663038e-05
0.24 0.16 2.45860012142e-05
0.25 0.16 3.75889663038e-05
0.24 0.15 8.88887473452e-05

0.24 0.16 2.45860012142e-05
0.25 0.16 3.75889663038e-05
0.25 0.17 1.01078318896e-05
0.24 0.17 6.25919901864e-06
0.25 0.17 1.01078318896e-05
0.24 0.16 2.45860012142e-05

0.24 0.17 6.25919901864e-06
0.25 0.17 1.01078318896e-05
0.25 0.18 2.51006979107e-06
0.24 0.18 1.46669351528e-06
0.25 0.18 2.51006979107e-06
0.24 0.17 6.25919901864e-06

0.24 0.18 1.46669351528e-06
0.25 0.18 2.51006979107e-06
0.25 0.19 5.75630428133e-07
0.24 0.19 3.16336811017e-07
0.25 0.19 5.75630428133e-07
0.24 0.18 1.46669351528e-06

0.24 0.19 3.16336811017e-07
0.25 0.19 5.75630428133e-07
0.25 0.2 1.21907899432e-07
0.24 0.2 6.27985826287e-08
0.25 0.2 1.21907899432e-07
0.24 0.19 3.16336811017e-07

0.24 0.2 6.27985826287e-08
0.25 0.2 1.21907899432e-07
0.25 0.21 2.38424078364e-08
0.24 0.21 1.14746566846e-08
0.25 0.21 2.38424078364e-08
0.24 0.2 6.27985826287e-08

0.24 0.21 1.14746566846e-08
0.25 0.21 2.38424078364e-08
0.25 0.22 4.3062430289e-09
0.24 0.22 1.92983113373e-09
0.25 0.22 4.3062430289e-09
0.24 0.21 1.14746566846e-08

0.24 0.22 1.92983113373e-09
0.25 0.22 4.3062430289e-09
0.25 0.23 7.18252455032e-10
0.24 0.23 2.98736759499e-10
0.25 0.23 7.18252455032e-10
0.24 0.22 1.92983113373e-09

0.24 0.23 2.98736759499e-10
0.25 0.23 7.18252455032e-10
0.25 0.24 1.1063329858e-10
0.24 0.24 4.25645231296e-11
0.25 0.24 1.1063329858e-10
0.24 0.23 2.98736759499e-10

0.24 0.24 4.25645231296e-11
0.25 0.24 1.1063329858e-10
0.25 0.25 1.57371021069e-11
